		if syl.text~=""  then
			--mahoujin fx
			
			local mahoujin = "m 0 0 l 9 13 b 42 5 72 11 95 22 b 110 2 135 -2 155 14 l 166 6 l 157 16 b 168 27 170 41 168 54 l 180 57 l 167 56 b 165 64 160 70 152 78 b 156 84 159 91 160 96 l 177 97 l 164 107 b 171 146 165 168 153 196 l 158 202 l 150 201 b 139 218 136 224 112 242 b 116 250 115 259 114 266 l 126 269 l 113 269 b 102 297 74 306 48 288 l 37 295 l 46 286 b 40 279 37 272 35 265 b 15 265 -6 258 -21 250 l -26 256 l -24 249 b -55 231 -75 202 -83 177 l -98 176 l -85 168 b -88 161 -89 153 -89 147 b -99 146 -106 141 -112 137 l -124 145 l -114 135 b -125 123 -127 109 -125 97 l -137 94 l -124 95 b -117 74 -96 60 -70 69 b -53 42 -21 21 0 15 l 0 15 l 1 20 l 1 20 b -26 27 -48 46 -65 71 b -51 81 -46 90 -46 115 l -35 118 l -46 117 b -51 129 -56 142 -84 147 b -84 153 -83 160 -81 166 l -65 167 l -78 176 b -72 199 -49 230 -22 244 l -17 239 l -18 246 b -3 255 19 260 34 260 b 34 215 86 203 110 237 b 126 227 138 211 146 198 l 142 193 l 148 194 b 164 165 164 130 159 108 l 144 107 l 156 98 b 153 92 151 86 148 80 b 134 86 115 87 102 75 l 92 82 l 99 73 b 84 56 88 41 92 26 b 63 13 39 11 11 18 l 10 33 l 1 20 l 0 15 m 44 140 l 45 138 l 44 136 l 43 134 l 42 132 l 41 130 l 40 128 l 39 126 l 37 125 l 36 123 l 34 121 l 32 120 l 30 119 l 27 118 l 24 117 l 21 117 l 17 117 l 15 117 l 13 118 l 10 118 l 8 119 l 5 121 l 3 122 l 0 125 l -2 127 l -3 129 l -4 132 l -6 135 l -6 138 l -7 142 l -6 146 l -6 149 l -5 153 l -4 155 l -3 156 l -3 157 l -2 159 l -1 160 l 1 161 l 2 162 l 3 163 l 5 164 l 7 165 l 8 166 l 9 167 l 11 167 l 12 168 l 13 168 l 16 168 l 18 169 l 22 168 l 24 168 l 27 167 l 29 166 l 30 166 l 32 165 l 33 165 l 34 164 l 36 163 l 37 162 l 38 160 l 39 159 l 40 157 l 41 155 l 42 154 l 43 152 l 43 151 l 43 150 l 43 149 l 42 151 l 41 152 l 40 153 l 39 154 l 38 155 l 37 155 l 36 156 l 34 157 l 32 157 l 30 157 l 28 157 l 26 156 l 25 156 l 23 155 l 22 154 l 21 153 l 20 152 l 19 151 l 18 150 l 17 148 l 17 147 l 16 145 l 16 143 l 16 141 l 16 140 l 17 139 l 18 137 l 19 136 l 20 134 l 21 133 l 22 132 l 23 131 l 25 130 l 27 130 l 29 129 l 31 129 l 33 130 l 34 130 l 35 130 l 37 131 l 38 132 l 39 133 l 41 134 l 42 136 l 43 138 m 35 134 b 38 155 56 159 69 155 b 86 149 87 130 86 126 b 83 114 74 106 63 105 b 50 105 39 111 36 124 b 44 113 55 115 60 122 b 64 127 66 135 57 142 b 50 145 41 146 35 134 m -48 94 l 89 55 l 92 62 l -47 102 m 78 218 l 113 81 l 119 83 l 85 220 m -56 134 l 45 230 l 49 226 l -51 129 m 18 95 b -28 123 -6 185 43 184 b 32 177 33 163 46 158 b 58 155 67 165 63 178 b 107 150 86 87 36 90 b 49 101 40 112 34 114 b 23 119 12 107 18 95 l 15 91 b -18 106 -15 142 -8 159 b 5 182 18 188 42 188 b 47 188 50 188 54 187 l 53 184 b 43 183 41 167 48 164 b 54 161 62 181 53 184 l 54 187 b 75 181 93 156 92 139 b 92 101 61 83 38 85 b 32 85 29 86 26 87 l 27 90 b 33 89 40 106 32 110 b 20 108 21 89 27 90 l 26 87 b 22 88 18 89 15 91 "
			local split_jin = shape.split(mahoujin, 1)
			local outline_jin = shape.tooutline(split_jin, 3)
			
			l.layer = 5
			
			l.start_time = line.start_time+syl.start_time
			l.end_time = line.start_time+syl.end_time
			
			l.text = string.format("{\\p4\\an5\\blur4\\bord0.3\\shad0\\fscx100\\fscy100\\frz0\\t(\\frz360)\\1c&HFFFFFF&\\3c&HFFFFFF&\\move(%.3f, %.3f, %.3f, %.3f)}%s"
			,syl.left,syl.top,syl.right,syl.top,outline_jin)
			
			io.write_line(l)
		end